Person	Duration
4970	585.0
4971	995.0
3640	607.0
2306	634.0
3638	661.0
4969	475.0
3639	448.0
2305	677.0
2304	2351.0
2303	899.0
2302	1277.0
2301	484.0
2300	261.0
4961	323.0
3631	719.0
4962	547.0
3632	330.0
4963	707.0
4964	1123.0
3633	998.0
4965	571.0
3634	803.0
2309	994.0
3635	573.0
4966	502.0
3636	1152.0
2308	630.0
4967	808.0
2307	553.0
4968	1217.0
3637	731.0
4980	839.0
4981	710.0
3650	446.0
4982	1246.0
3651	1313.0
2320	952.0
3649	603.0
0	1163.0
2317	588.0
1	877.0
2316	563.0
2315	738.0
2	841.0
3	327.0
2314	532.0
4	831.0
2313	683.0
5	230.0
2312	1033.0
2311	750.0
6	483.0
7	217.0
2310	366.0
3641	596.0
4972	686.0
8	518.0
9	572.0
4973	392.0
3642	1228.0
3643	287.0
4974	838.0
3644	1013.0
4975	581.0
3645	1087.0
4976	750.0
3646	347.0
4977	553.0
2319	1056.0
4978	1042.0
3647	509.0
3648	408.0
4979	708.0
2318	824.0
4990	373.0
4991	1555.0
3660	868.0
3661	565.0
4992	729.0
3662	476.0
4993	786.0
2331	911.0
1000	749.0
2330	1319.0
2328	793.0
2327	415.0
2326	206.0
2325	1350.0
2324	545.0
2322	552.0
2321	768.0
4983	634.0
3652	410.0
3653	610.0
4984	444.0
3654	504.0
4985	271.0
4986	1493.0
3655	826.0
4987	755.0
3656	871.0
4988	383.0
3657	1303.0
4989	338.0
3658	689.0
3659	425.0
2329	1138.0
3670	488.0
3671	576.0
3672	203.0
3673	676.0
1011	298.0
2342	551.0
1010	100.0
2341	359.0
2340	408.0
1008	844.0
2338	368.0
1007	345.0
1006	935.0
2337	614.0
1005	349.0
2336	741.0
2335	882.0
1004	231.0
1003	519.0
2334	485.0
2333	403.0
1002	352.0
1001	524.0
2332	725.0
4994	1250.0
3663	1134.0
3664	511.0
4995	574.0
3665	474.0
4996	581.0
3666	988.0
4997	246.0
4998	1196.0
3667	315.0
3668	385.0
4999	697.0
3669	542.0
1009	251.0
3680	1206.0
3681	895.0
3682	558.0
3683	479.0
1022	509.0
2353	561.0
2352	1059.0
1021	771.0
1020	746.0
2350	453.0
1019	317.0
1018	655.0
2349	556.0
2348	387.0
1017	583.0
1016	1497.0
2347	394.0
2346	1097.0
2345	547.0
1014	454.0
2344	560.0
1013	726.0
1012	433.0
2343	1797.0
3674	718.0
3675	705.0
3676	955.0
3677	822.0
3678	1210.0
3679	725.0
3690	900.0
3691	394.0
3693	1177.0
3694	1946.0
3695	1061.0
2364	877.0
1033	340.0
1032	1186.0
2363	1011.0
1031	475.0
2362	415.0
2361	335.0
1030	1267.0
2360	290.0
1029	870.0
2359	680.0
1028	756.0
1027	812.0
2358	758.0
2357	928.0
1026	624.0
2356	243.0
1025	892.0
1024	547.0
2355	1169.0
1023	498.0
2354	196.0
3685	594.0
3686	831.0
3687	766.0
3688	534.0
3689	477.0
2375	933.0
1044	861.0
2374	1037.0
1043	738.0
2373	520.0
1042	1096.0
2372	1044.0
1041	1026.0
1040	1159.0
2371	325.0
2370	1011.0
1039	542.0
1038	263.0
2369	788.0
1037	745.0
2368	503.0
1036	839.0
2367	307.0
2366	428.0
1035	392.0
1034	1142.0
2365	949.0
3696	951.0
3697	716.0
3698	238.0
3699	567.0
2386	823.0
1055	599.0
2385	495.0
1054	487.0
1053	623.0
2384	1417.0
1052	943.0
2383	815.0
1051	737.0
2382	426.0
1050	1043.0
2381	747.0
2380	558.0
1049	1193.0
2379	426.0
1048	855.0
2378	1136.0
1047	954.0
2377	854.0
1046	1023.0
1045	782.0
2397	885.0
1066	581.0
2396	161.0
1065	326.0
1064	1348.0
2395	940.0
2394	416.0
1063	1321.0
1062	1008.0
2393	421.0
1061	805.0
2392	275.0
2391	737.0
1060	385.0
2390	722.0
1059	493.0
2389	330.0
1058	784.0
1057	429.0
2388	474.0
1056	638.0
2387	982.0
4100	409.0
4101	356.0
4102	175.0
1077	337.0
1075	1057.0
1074	1719.0
1073	486.0
1072	600.0
1071	765.0
1070	453.0
1069	1113.0
2399	1847.0
1068	300.0
1067	725.0
2398	355.0
1080	731.0
4110	356.0
4111	571.0
4112	1176.0
4113	436.0
1088	261.0
1087	835.0
1086	809.0
1085	1291.0
1084	443.0
1083	813.0
1082	292.0
1081	736.0
1079	859.0
1078	175.0
4103	613.0
4104	665.0
4105	394.0
4106	645.0
4107	351.0
4108	1265.0
4109	846.0
1091	945.0
1090	667.0
4120	931.0
4121	701.0
4122	1075.0
4123	379.0
4124	810.0
1099	498.0
1098	506.0
1097	1291.0
1096	750.0
1094	610.0
1092	712.0
1089	107.0
4114	711.0
4115	1238.0
4116	1128.0
4117	79.0
4118	1114.0
4119	203.0
4130	945.0
4131	1115.0
4132	507.0
4133	689.0
4134	409.0
4135	724.0
4125	1318.0
4126	252.0
4127	506.0
4128	689.0
4129	919.0
4140	252.0
4141	1128.0
4142	1207.0
4143	1283.0
4144	1449.0
4145	565.0
4146	469.0
200	932.0
201	355.0
202	451.0
203	757.0
204	376.0
205	244.0
4136	327.0
4137	730.0
207	279.0
208	1572.0
4138	525.0
4139	521.0
209	1019.0
4150	981.0
4151	730.0
4152	974.0
4153	1093.0
4154	1242.0
4155	232.0
4156	714.0
4157	501.0
210	456.0
211	217.0
212	415.0
214	178.0
215	1312.0
216	753.0
217	928.0
4147	872.0
218	581.0
4148	602.0
4149	846.0
219	698.0
4161	315.0
4162	419.0
4163	502.0
4164	2077.0
4165	507.0
4166	152.0
4167	699.0
4168	1018.0
4160	719.0
220	386.0
221	921.0
222	624.0
223	337.0
224	1201.0
225	857.0
226	439.0
227	1507.0
4158	1322.0
228	1016.0
4159	934.0
229	1253.0
4172	657.0
4173	1587.0
4174	1076.0
4175	1585.0
4176	201.0
4177	671.0
4178	934.0
4179	584.0
4170	271.0
230	722.0
4171	793.0
231	1211.0
232	601.0
233	573.0
234	1939.0
235	544.0
236	2009.0
237	1588.0
238	1760.0
239	235.0
4169	924.0
4183	696.0
4184	502.0
4185	980.0
4186	557.0
4187	249.0
4188	505.0
4189	1447.0
1909	974.0
1908	350.0
4180	619.0
4181	433.0
241	798.0
4182	757.0
242	807.0
244	1193.0
245	292.0
246	897.0
247	1328.0
248	1395.0
249	631.0
1907	834.0
1906	614.0
1905	475.0
1904	318.0
1903	752.0
1902	957.0
1901	757.0
1900	630.0
4194	1881.0
4195	707.0
4196	307.0
4197	450.0
4198	1077.0
4199	590.0
1919	924.0
4190	1082.0
250	536.0
4191	523.0
4192	1762.0
251	429.0
252	702.0
4193	2040.0
253	1181.0
1910	860.0
254	379.0
255	451.0
256	722.0
257	1269.0
258	1681.0
259	157.0
1918	310.0
1917	866.0
1916	508.0
1915	2067.0
1914	748.0
1913	618.0
1912	542.0
1911	777.0
260	496.0
261	556.0
262	667.0
263	1805.0
264	385.0
1921	832.0
1920	468.0
265	738.0
266	380.0
267	752.0
268	846.0
269	1277.0
1929	690.0
1928	969.0
1927	1764.0
1926	542.0
1925	654.0
1924	1375.0
1923	492.0
1922	1173.0
270	959.0
271	380.0
272	318.0
273	811.0
274	490.0
1932	1892.0
275	1097.0
1931	379.0
276	471.0
1930	1278.0
277	715.0
278	700.0
279	689.0
1939	353.0
1938	644.0
1937	428.0
1936	1000.0
1935	600.0
1934	402.0
1933	1215.0
280	541.0
281	827.0
282	1288.0
283	846.0
284	641.0
285	1203.0
1943	274.0
286	819.0
1942	584.0
287	1295.0
1941	201.0
288	893.0
1940	392.0
289	640.0
1949	824.0
1948	1047.0
1947	975.0
1945	693.0
1944	604.0
290	501.0
291	296.0
292	865.0
293	609.0
294	1005.0
295	827.0
296	484.0
1954	897.0
297	507.0
1953	988.0
298	661.0
299	1333.0
1952	844.0
1959	1020.0
1958	715.0
1957	602.0
1956	1103.0
1955	954.0
1965	518.0
1964	758.0
1963	848.0
1962	516.0
1961	131.0
1960	622.0
1969	290.0
1968	612.0
1967	285.0
1966	477.0
1976	851.0
1975	1294.0
1974	601.0
1973	795.0
1972	722.0
1971	477.0
1970	813.0
1979	1107.0
1978	545.0
1977	840.0
1990	541.0
1987	663.0
1986	454.0
1985	224.0
1984	791.0
1983	540.0
1982	827.0
1981	551.0
1980	556.0
1989	462.0
1988	912.0
1997	667.0
1996	786.0
1995	980.0
1994	950.0
1993	643.0
1991	675.0
1999	875.0
3704	636.0
3705	407.0
3706	456.0
3707	855.0
3708	1232.0
3709	579.0
3700	484.0
3701	263.0
3702	588.0
3703	742.0
3715	1373.0
3716	783.0
3717	1434.0
3718	526.0
3719	1139.0
3710	658.0
3711	547.0
3712	745.0
3713	72.0
3714	302.0
3726	994.0
3727	382.0
3728	757.0
3729	435.0
3720	854.0
3721	895.0
3722	293.0
3723	214.0
3724	693.0
3725	580.0
2405	713.0
3737	623.0
2404	1645.0
3738	857.0
2403	133.0
3739	367.0
2402	462.0
2401	837.0
2400	560.0
3730	423.0
3731	1416.0
3732	581.0
3733	704.0
2409	1062.0
3734	825.0
2408	325.0
3735	337.0
2407	587.0
2406	578.0
3736	770.0
3750	635.0
3748	1517.0
2416	719.0
2415	508.0
3749	615.0
2414	603.0
2413	368.0
2412	723.0
2411	378.0
2410	838.0
3740	782.0
3741	468.0
3742	405.0
3743	957.0
3744	372.0
3745	664.0
2419	323.0
3746	489.0
2418	945.0
3747	1022.0
2417	1210.0
3760	461.0
3761	428.0
2430	992.0
3759	1437.0
2427	435.0
2426	718.0
2425	293.0
2424	565.0
2423	337.0
2422	822.0
2421	1155.0
2420	319.0
3751	787.0
3752	1926.0
3753	456.0
3754	1444.0
3755	651.0
3756	635.0
2429	1026.0
3757	348.0
3758	770.0
2428	528.0
3770	560.0
3771	417.0
3772	492.0
1110	791.0
2441	573.0
2440	526.0
2438	658.0
1107	332.0
2437	557.0
1106	754.0
2436	630.0
1105	736.0
1104	476.0
2435	2080.0
1103	401.0
2434	401.0
2433	972.0
1102	654.0
1101	1273.0
2432	786.0
1100	673.0
2431	653.0
3762	1471.0
3763	821.0
3764	500.0
3765	784.0
3766	417.0
3767	608.0
1109	477.0
3768	1861.0
2439	1405.0
1108	1376.0
3769	1104.0
3780	879.0
3781	1398.0
3782	113.0
3783	1512.0
2452	533.0
1121	1041.0
1120	922.0
2451	453.0
2449	714.0
1118	370.0
1117	347.0
2448	324.0
2447	157.0
1116	352.0
2446	880.0
1114	625.0
1113	579.0
2444	1150.0
1112	1024.0
2443	740.0
1111	615.0
2442	674.0
3773	398.0
3774	1151.0
3775	840.0
3776	642.0
3777	717.0
3778	532.0
3779	310.0
1119	22.0
3790	541.0
3791	237.0
3792	866.0
3793	657.0
3794	152.0
2463	325.0
1132	987.0
2462	622.0
1131	325.0
1130	482.0
2461	934.0
2460	884.0
1129	641.0
2459	686.0
1128	491.0
1127	1157.0
1126	731.0
2457	710.0
1125	519.0
2456	994.0
2455	860.0
1124	660.0
1123	302.0
2454	478.0
1122	1459.0
2453	594.0
3784	510.0
3785	748.0
3786	674.0
3787	329.0
3788	473.0
3789	513.0
1143	618.0
2474	927.0
2473	871.0
1142	735.0
1141	287.0
2472	456.0
2471	1569.0
1140	880.0
2470	240.0
1139	471.0
1138	884.0
2469	496.0
1137	252.0
2468	584.0
2467	743.0
1136	535.0
1135	818.0
2466	397.0
1134	433.0
2465	1101.0
2464	470.0
1133	1074.0
3795	1004.0
3796	689.0
3797	1031.0
3798	779.0
3799	796.0
2485	685.0
1154	847.0
2484	509.0
1153	423.0
1152	315.0
2483	1163.0
1151	482.0
2482	997.0
2481	1010.0
1150	143.0
2480	1894.0
1149	233.0
1148	518.0
2479	457.0
2478	796.0
1147	1477.0
2477	1194.0
1146	657.0
1145	780.0
2476	1009.0
1144	467.0
2475	713.0
2496	710.0
1165	741.0
2495	176.0
1164	357.0
2494	189.0
1163	702.0
2493	655.0
1162	135.0
1161	275.0
2492	485.0
1160	281.0
2491	1640.0
2490	767.0
1159	255.0
2489	713.0
1158	986.0
2488	2149.0
1156	647.0
2487	854.0
2486	1113.0
1155	626.0
4200	612.0
4201	717.0
1176	293.0
1175	857.0
1174	556.0
1173	1305.0
1172	541.0
1171	1016.0
1170	521.0
1169	652.0
2499	376.0
1168	628.0
1167	593.0
2498	157.0
1166	1233.0
2497	648.0
4210	1101.0
4211	736.0
4212	494.0
1187	1475.0
1186	191.0
1185	565.0
1184	572.0
1183	1518.0
1182	1109.0
1181	747.0
1180	562.0
1179	893.0
1178	875.0
1177	715.0
4202	539.0
4203	1274.0
4204	859.0
4205	876.0
4206	1256.0
4207	238.0
4208	2010.0
4209	900.0
1190	237.0
4220	628.0
4221	1653.0
4222	796.0
4223	573.0
1198	288.0
1197	947.0
1196	557.0
1195	1075.0
1194	465.0
1193	455.0
1192	443.0
1191	1060.0
1189	1765.0
1188	383.0
4213	661.0
4214	524.0
4215	422.0
4216	667.0
4217	1017.0
4218	762.0
4219	515.0
4230	757.0
4231	506.0
4232	524.0
4233	544.0
4234	778.0
1199	1011.0
4225	596.0
4226	594.0
4227	898.0
4228	663.0
4229	1112.0
4240	658.0
4241	715.0
4242	663.0
4243	346.0
4244	1995.0
4245	779.0
300	682.0
301	1585.0
302	742.0
303	1357.0
304	334.0
4235	443.0
305	1560.0
4236	1126.0
306	410.0
307	651.0
4237	264.0
308	779.0
4238	1564.0
4239	546.0
309	132.0
4250	524.0
4251	826.0
4252	379.0
4253	893.0
4254	2144.0
4255	240.0
4256	573.0
310	600.0
311	503.0
312	1128.0
313	825.0
314	600.0
315	1221.0
4246	466.0
316	1141.0
317	445.0
4247	448.0
318	1017.0
4248	1439.0
319	647.0
4249	405.0
4260	657.0
4261	505.0
4263	861.0
4264	523.0
4265	341.0
4266	444.0
4267	803.0
320	582.0
321	854.0
322	305.0
323	317.0
324	351.0
325	697.0
326	1066.0
4257	256.0
327	534.0
4258	478.0
328	709.0
329	567.0
4259	1356.0
4271	499.0
4272	432.0
4273	760.0
4274	580.0
4275	481.0
4276	604.0
4277	258.0
4278	596.0
4270	1244.0
330	1022.0
331	283.0
332	906.0
333	732.0
334	762.0
335	608.0
336	648.0
337	704.0
4268	577.0
338	849.0
339	1519.0
4269	1196.0
4282	1966.0
4283	406.0
4284	905.0
4285	823.0
4286	646.0
4287	560.0
4288	482.0
4289	668.0
4280	330.0
340	559.0
4281	762.0
341	697.0
342	976.0
343	517.0
344	681.0
345	315.0
346	137.0
347	567.0
348	470.0
349	426.0
4279	852.0
4293	202.0
4294	697.0
4295	505.0
4296	773.0
4297	418.0
4298	178.0
4299	1016.0
4290	1214.0
4291	1194.0
350	201.0
4292	762.0
351	819.0
352	754.0
353	1371.0
354	1384.0
356	680.0
357	349.0
358	515.0
359	266.0
10	698.0
11	769.0
12	948.0
13	824.0
14	694.0
15	712.0
16	587.0
17	1204.0
18	1508.0
19	1107.0
360	1156.0
361	983.0
362	605.0
363	462.0
364	516.0
365	963.0
366	485.0
367	940.0
368	1040.0
369	234.0
20	654.0
21	546.0
22	898.0
23	562.0
25	821.0
26	605.0
27	418.0
28	466.0
29	690.0
370	887.0
371	569.0
372	735.0
373	791.0
374	757.0
375	452.0
376	748.0
377	1272.0
378	1210.0
379	653.0
30	291.0
31	900.0
32	1017.0
33	865.0
34	541.0
35	426.0
36	885.0
37	211.0
38	414.0
39	1523.0
380	1138.0
381	600.0
382	1796.0
383	1111.0
384	212.0
385	476.0
386	1035.0
387	703.0
388	325.0
389	537.0
40	675.0
41	656.0
42	551.0
43	855.0
44	691.0
45	1335.0
46	968.0
47	1957.0
48	1229.0
49	380.0
390	472.0
391	565.0
392	612.0
393	319.0
394	594.0
395	311.0
396	131.0
397	558.0
398	1111.0
399	570.0
50	482.0
51	294.0
52	395.0
53	758.0
54	582.0
55	373.0
56	819.0
57	1293.0
58	554.0
59	513.0
60	1080.0
61	1002.0
62	821.0
63	1019.0
64	516.0
65	560.0
66	435.0
67	478.0
68	1146.0
69	594.0
70	753.0
71	908.0
72	1422.0
73	561.0
74	581.0
75	511.0
76	454.0
77	480.0
78	1233.0
79	526.0
80	227.0
81	417.0
82	639.0
83	656.0
84	589.0
85	585.0
86	797.0
87	472.0
88	1020.0
89	281.0
90	918.0
91	453.0
92	570.0
93	644.0
94	505.0
95	1923.0
96	284.0
97	518.0
98	430.0
99	434.0
3803	564.0
3804	635.0
3805	578.0
3806	2380.0
3807	1542.0
3808	632.0
3809	733.0
3800	770.0
3801	1312.0
3802	2078.0
3814	308.0
3815	787.0
3816	1599.0
3817	307.0
3818	982.0
3819	691.0
3810	420.0
3811	1010.0
3812	736.0
3813	1603.0
3825	930.0
3826	511.0
3827	1587.0
3828	710.0
3829	929.0
3820	1038.0
3821	412.0
3822	838.0
3823	750.0
3824	430.0
3836	934.0
2504	784.0
3837	822.0
2503	1256.0
2502	340.0
3838	617.0
3839	430.0
2501	410.0
2500	584.0
3830	1066.0
2509	1248.0
3831	448.0
2508	594.0
3832	1035.0
3833	465.0
2506	415.0
3834	576.0
3835	1027.0
2505	598.0
3847	394.0
2515	655.0
2514	552.0
3848	242.0
2513	1718.0
3849	349.0
2512	1173.0
2511	623.0
2510	983.0
3840	833.0
3841	647.0
3842	270.0
3843	526.0
2519	156.0
3844	320.0
2518	1269.0
3845	970.0
2517	1127.0
3846	704.0
2516	794.0
3860	446.0
3858	1034.0
2526	412.0
3859	903.0
2525	1044.0
2524	420.0
2523	1766.0
2522	853.0
2521	1158.0
2520	351.0
3850	465.0
3851	1726.0
3852	489.0
3853	291.0
3854	520.0
3855	178.0
2529	816.0
3856	925.0
2527	604.0
3857	614.0
3870	696.0
3871	491.0
2540	513.0
2537	470.0
3869	902.0
1206	885.0
2536	1104.0
1205	423.0
1204	554.0
2535	620.0
2534	524.0
1203	568.0
2533	275.0
1202	604.0
1201	1012.0
2532	1151.0
2530	957.0
3861	1982.0
3862	492.0
3863	511.0
3864	915.0
3865	305.0
1209	581.0
3866	513.0
3867	634.0
1208	698.0
2539	632.0
2538	256.0
3868	942.0
1207	1501.0
3880	1179.0
3881	871.0
3882	1459.0
1220	820.0
2551	940.0
2550	1752.0
2548	689.0
2547	723.0
1216	346.0
2546	812.0
1215	799.0
1214	774.0
2545	174.0
1213	394.0
2544	793.0
2543	919.0
1212	409.0
1211	163.0
2542	1544.0
1210	404.0
2541	710.0
3872	1058.0
3873	176.0
3874	1804.0
3875	796.0
3876	433.0
3877	628.0
3878	930.0
1219	793.0
1218	646.0
2549	1050.0
3879	436.0
3890	615.0
3891	1144.0
3892	528.0
3893	1045.0
2562	1379.0
1231	156.0
2561	835.0
1230	1568.0
2560	951.0
1228	959.0
2559	394.0
1227	1042.0
2558	807.0
1226	558.0
2557	982.0
2556	450.0
1225	178.0
1224	612.0
2555	61.0
1223	520.0
2554	694.0
1222	1318.0
2553	1048.0
2552	1225.0
1221	662.0
3883	611.0
3884	631.0
3885	544.0
3886	370.0
3888	531.0
3889	518.0
1229	558.0
2573	716.0
1242	399.0
1241	404.0
2572	590.0
1240	887.0
2571	819.0
2570	1106.0
1239	1484.0
1238	919.0
2569	629.0
1237	852.0
2568	466.0
1236	982.0
2567	559.0
2566	695.0
1235	500.0
1234	482.0
2565	634.0
1233	573.0
2564	871.0
1232	1856.0
2563	1470.0
3894	1275.0
3895	1308.0
3896	803.0
3897	274.0
3898	1001.0
3899	515.0
1253	136.0
2584	1021.0
2583	1278.0
1252	1479.0
1251	306.0
2581	2115.0
1250	139.0
2580	326.0
1249	1720.0
1248	1762.0
2579	1055.0
1247	170.0
2578	352.0
1246	939.0
2577	762.0
2576	362.0
1245	401.0
1244	956.0
2575	341.0
2574	562.0
1243	1124.0
2595	709.0
1264	941.0
1263	860.0
2594	1093.0
2593	719.0
1262	557.0
1261	302.0
2592	207.0
2591	415.0
1260	758.0
2590	1144.0
1259	772.0
2589	240.0
1258	884.0
2588	375.0
2587	1858.0
1256	426.0
1255	192.0
2586	711.0
2585	541.0
1254	230.0
4300	547.0
1275	458.0
1274	945.0
1273	1869.0
1272	693.0
1271	744.0
1270	950.0
1269	1119.0
1268	1107.0
2599	499.0
1267	1523.0
2598	635.0
1266	446.0
2597	933.0
2596	406.0
1265	712.0
4310	1028.0
4311	600.0
1286	1019.0
1285	719.0
1284	675.0
1283	470.0
1282	638.0
1281	604.0
1280	750.0
4309	636.0
1279	765.0
1278	739.0
1277	472.0
1276	592.0
4301	881.0
4302	569.0
4303	753.0
4304	560.0
4305	1124.0
4306	1034.0
4307	1068.0
4308	242.0
4320	358.0
4321	813.0
4322	732.0
1297	867.0
1296	767.0
1295	682.0
1294	778.0
1293	534.0
1292	315.0
1291	830.0
1290	765.0
1289	426.0
1288	932.0
1287	837.0
4312	1110.0
4313	792.0
4314	281.0
4315	438.0
4316	1054.0
4317	553.0
4318	433.0
4319	194.0
4330	499.0
4331	731.0
4332	504.0
4333	1771.0
3002	865.0
3001	1048.0
3000	732.0
1299	1244.0
1298	607.0
4323	1247.0
4324	1016.0
4325	990.0
4326	1127.0
4327	410.0
4328	936.0
4329	1434.0
4340	648.0
4341	643.0
4342	414.0
4343	485.0
4344	464.0
3013	1248.0
3012	346.0
3011	763.0
3010	487.0
3009	847.0
3008	689.0
3007	967.0
3006	1178.0
400	557.0
401	809.0
3005	1084.0
3004	699.0
402	439.0
403	873.0
3003	378.0
4334	1033.0
404	387.0
405	951.0
4335	1104.0
406	1656.0
4336	473.0
4337	347.0
407	604.0
408	217.0
4338	778.0
409	1151.0
4339	1336.0
4350	463.0
4351	703.0
4352	804.0
4353	593.0
4354	1060.0
4355	530.0
3024	111.0
3023	769.0
3022	777.0
3021	474.0
3020	520.0
3019	1282.0
3018	597.0
410	816.0
3017	319.0
411	176.0
412	1776.0
3016	313.0
413	926.0
3015	779.0
3014	485.0
414	1498.0
415	199.0
4345	179.0
416	1116.0
4346	466.0
417	959.0
4347	496.0
4348	610.0
418	947.0
419	1417.0
4349	829.0
4360	138.0
4361	397.0
4362	700.0
4363	1591.0
4364	1088.0
4365	565.0
4366	609.0
3035	1236.0
3034	519.0
3033	286.0
3032	508.0
3031	535.0
3030	1050.0
420	344.0
3029	612.0
421	762.0
422	1163.0
3028	925.0
3027	662.0
423	806.0
3026	677.0
424	683.0
3025	408.0
425	239.0
426	381.0
4356	427.0
4357	265.0
427	766.0
4358	375.0
428	1036.0
429	1034.0
4359	519.0
4370	697.0
4371	1297.0
4372	290.0
4373	240.0
4374	845.0
4375	685.0
4376	1519.0
4377	348.0
3046	511.0
3045	506.0
3044	1117.0
3043	796.0
3042	1319.0
3041	1005.0
3040	920.0
430	600.0
431	780.0
432	1231.0
3039	553.0
433	862.0
3038	881.0
434	501.0
3037	637.0
435	1248.0
436	444.0
3036	316.0
4367	803.0
438	548.0
4368	1623.0
439	1789.0
4369	536.0
4381	269.0
4382	618.0
4383	1400.0
4384	358.0
4385	924.0
4386	508.0
4387	521.0
4388	775.0
3057	489.0
3056	561.0
3055	1179.0
3054	283.0
3053	1061.0
3052	613.0
3051	243.0
4380	649.0
3050	945.0
440	540.0
441	850.0
442	252.0
443	638.0
444	978.0
3049	371.0
445	369.0
3048	205.0
446	1026.0
3047	1014.0
447	1090.0
4378	1104.0
448	704.0
4379	610.0
449	743.0
3060	326.0
4392	483.0
4393	408.0
4394	403.0
4395	599.0
4396	612.0
4397	563.0
4398	787.0
4399	570.0
3068	442.0
3067	634.0
3066	619.0
3065	418.0
3064	386.0
3063	2183.0
3062	748.0
4390	1363.0
4391	545.0
3061	1064.0
450	576.0
451	367.0
452	319.0
453	515.0
454	492.0
455	646.0
456	554.0
457	191.0
3059	783.0
3058	917.0
458	807.0
4389	922.0
459	1261.0
3071	186.0
3070	290.0
3079	418.0
3078	905.0
3077	316.0
3076	978.0
3075	608.0
3074	1076.0
460	970.0
3073	1047.0
461	839.0
3072	979.0
462	1010.0
463	678.0
464	710.0
465	273.0
466	957.0
467	919.0
468	648.0
3069	417.0
469	152.0
3082	420.0
3081	261.0
3080	199.0
3089	281.0
3088	735.0
3087	512.0
3086	766.0
3085	874.0
470	304.0
3084	519.0
471	956.0
3083	294.0
472	763.0
473	1301.0
474	724.0
475	720.0
476	401.0
477	630.0
478	1022.0
479	338.0
3093	573.0
3092	904.0
3091	411.0
3090	453.0
3099	374.0
3098	581.0
3097	1798.0
480	484.0
481	976.0
3096	762.0
482	1004.0
3095	545.0
3094	1180.0
483	240.0
485	826.0
486	1058.0
488	460.0
489	314.0
490	1206.0
491	2140.0
492	1514.0
493	658.0
494	589.0
495	539.0
496	421.0
497	351.0
498	935.0
499	721.0
3902	276.0
3903	175.0
3904	184.0
3905	375.0
3906	680.0
3907	857.0
3908	347.0
3909	471.0
3900	2138.0
3901	641.0
3913	550.0
3914	1558.0
3915	537.0
3916	459.0
3917	819.0
3918	750.0
3919	592.0
3910	551.0
3911	207.0
3924	518.0
3925	359.0
3926	920.0
3927	693.0
3928	740.0
3929	888.0
3920	734.0
3921	469.0
3922	1133.0
3923	922.0
3935	669.0
2603	962.0
3936	816.0
2602	782.0
2601	439.0
3937	461.0
3938	429.0
2600	776.0
3939	209.0
2609	807.0
3930	505.0
2608	991.0
3931	332.0
2607	808.0
2606	749.0
2605	562.0
3933	686.0
3934	859.0
2604	412.0
3946	392.0
2614	249.0
2613	657.0
2612	924.0
3948	845.0
3949	265.0
2611	255.0
3940	846.0
3941	1140.0
2619	780.0
2618	579.0
3942	1035.0
2617	1230.0
3943	572.0
3944	1119.0
2616	204.0
2615	225.0
3945	491.0
3957	1320.0
2625	1137.0
2624	966.0
3958	681.0
2623	611.0
3959	274.0
2622	833.0
2621	879.0
2620	657.0
3950	2080.0
3951	509.0
3952	323.0
2629	590.0
3953	340.0
3954	667.0
2628	377.0
3955	128.0
2627	1748.0
3956	713.0
2626	720.0
3970	673.0
3968	929.0
1305	244.0
2636	415.0
2635	173.0
3969	199.0
1304	1189.0
1303	1003.0
2634	1351.0
2633	657.0
2632	800.0
1301	1898.0
1300	328.0
2631	523.0
2630	611.0
3960	744.0
3961	908.0
3962	1516.0
3963	671.0
1309	623.0
3964	1186.0
1308	1127.0
2639	328.0
3965	847.0
1307	381.0
2638	583.0
3966	1974.0
1306	684.0
3967	468.0
2637	411.0
3980	211.0
3981	540.0
2650	1507.0
1316	425.0
2647	674.0
3979	884.0
1315	1616.0
2646	718.0
1314	189.0
2645	732.0
2644	136.0
2643	1097.0
1312	647.0
2642	675.0
1311	833.0
1310	92.0
2641	446.0
2640	491.0
3971	713.0
3972	899.0
3973	607.0
3974	465.0
3975	639.0
3976	844.0
1319	731.0
3977	517.0
2649	345.0
1318	375.0
2648	1594.0
3978	640.0
3990	813.0
3992	1211.0
2661	1109.0
2660	1003.0
2658	1110.0
1327	258.0
2657	348.0
1326	551.0
1325	592.0
2656	633.0
1324	534.0
2655	794.0
1323	879.0
2654	1783.0
2653	168.0
1322	235.0
2652	214.0
1321	469.0
2651	445.0
1320	289.0
3982	800.0
3983	177.0
3984	792.0
3985	1212.0
3986	960.0
3987	256.0
1329	238.0
3988	452.0
3989	1216.0
2659	852.0
1328	994.0
2672	1180.0
1341	1881.0
2671	523.0
1340	1016.0
2670	1237.0
2669	516.0
1338	651.0
1337	369.0
2668	177.0
1336	719.0
2667	597.0
2666	1381.0
1335	266.0
1334	367.0
2665	1984.0
1333	971.0
2664	660.0
1332	502.0
2663	731.0
1331	420.0
2662	474.0
3993	432.0
3994	697.0
3995	436.0
3996	1035.0
3997	1208.0
3998	1096.0
3999	912.0
1339	1005.0
1352	621.0
2683	903.0
2682	427.0
1351	881.0
1350	685.0
2681	643.0
2680	762.0
1349	504.0
2679	514.0
1348	364.0
1347	676.0
2678	553.0
2677	1052.0
1346	568.0
1345	1067.0
2676	503.0
1344	1247.0
2675	744.0
2674	1949.0
1343	604.0
1342	344.0
2673	700.0
1363	343.0
2694	435.0
1362	646.0
2693	621.0
2692	574.0
1361	420.0
1360	941.0
2691	306.0
2690	651.0
1359	845.0
2689	418.0
1358	814.0
1357	854.0
2688	252.0
1356	873.0
2687	980.0
1355	616.0
2686	350.0
2685	1274.0
1354	620.0
2684	226.0
1353	485.0
1374	860.0
1373	1780.0
1372	701.0
1371	914.0
1370	619.0
1369	149.0
2699	284.0
1368	370.0
1367	523.0
2698	1093.0
1366	644.0
2696	807.0
1364	1027.0
2695	1002.0
4410	583.0
1385	575.0
1384	949.0
1383	516.0
1382	265.0
1381	939.0
1380	890.0
4408	1107.0
4409	1016.0
1379	191.0
1378	524.0
1377	151.0
1376	442.0
1375	472.0
4400	422.0
4401	191.0
4402	506.0
4403	388.0
4404	985.0
4405	732.0
4406	682.0
4407	829.0
4420	823.0
4421	1486.0
1396	555.0
1395	735.0
1394	718.0
1393	518.0
1392	676.0
1391	321.0
1390	568.0
4419	1060.0
1389	699.0
1388	642.0
1387	478.0
1386	791.0
4411	355.0
4412	192.0
4413	1158.0
4414	864.0
4415	779.0
4416	751.0
4417	2165.0
4418	1427.0
4430	780.0
4431	819.0
4432	1187.0
3101	1093.0
3100	351.0
1399	521.0
1398	942.0
1397	700.0
4422	983.0
4423	432.0
4424	875.0
4425	868.0
4426	1207.0
4427	565.0
4428	720.0
4429	1001.0
4440	1131.0
4441	676.0
4442	930.0
4443	357.0
3112	507.0
3111	437.0
3110	700.0
3109	427.0
3108	796.0
3107	399.0
3106	1248.0
3105	748.0
500	1956.0
3104	1395.0
3103	315.0
501	395.0
3102	1826.0
502	1507.0
503	498.0
4433	613.0
504	694.0
4434	211.0
4435	1150.0
505	487.0
506	541.0
4436	557.0
507	591.0
4437	419.0
508	1076.0
4438	433.0
509	525.0
4439	972.0
4450	872.0
4451	356.0
4452	1746.0
4453	1404.0
4454	764.0
3123	1140.0
3122	263.0
3121	444.0
3120	526.0
3119	675.0
3118	336.0
3117	1341.0
3116	826.0
510	1768.0
3115	888.0
511	648.0
3114	438.0
512	501.0
513	757.0
3113	698.0
4444	886.0
514	533.0
515	554.0
4445	1005.0
516	966.0
4446	716.0
4447	531.0
517	1585.0
518	1019.0
4448	339.0
519	345.0
4449	413.0
4460	874.0
4461	693.0
4462	2053.0
4463	540.0
4464	735.0
4465	517.0
3134	355.0
3133	861.0
3131	685.0
3130	720.0
3129	612.0
520	956.0
3128	565.0
521	297.0
3127	899.0
3126	712.0
522	615.0
3125	835.0
523	1261.0
3124	965.0
524	856.0
525	994.0
4455	379.0
4456	697.0
526	582.0
527	881.0
4457	320.0
4458	608.0
528	895.0
4459	406.0
529	551.0
4470	440.0
4471	488.0
4472	481.0
4473	999.0
4474	597.0
4475	544.0
4476	636.0
3145	1005.0
3144	943.0
3143	244.0
3142	590.0
3141	489.0
3140	1443.0
530	833.0
3139	655.0
531	554.0
3138	309.0
532	1155.0
533	437.0
3137	1003.0
3136	617.0
534	574.0
535	155.0
3135	766.0
4466	646.0
536	338.0
537	437.0
4467	654.0
4468	630.0
538	530.0
4469	1301.0
539	399.0
4480	761.0
4481	1677.0
4482	1038.0
4483	1709.0
4484	917.0
4485	1094.0
4486	440.0
4487	1323.0
3156	318.0
3155	680.0
3154	650.0
3153	435.0
3152	588.0
3151	591.0
3150	597.0
540	551.0
541	360.0
542	576.0
3149	561.0
543	341.0
544	813.0
3148	646.0
545	852.0
3147	920.0
3146	905.0
546	1088.0
547	1461.0
4477	1078.0
548	1503.0
4478	224.0
549	1157.0
4479	996.0
4491	719.0
4492	821.0
4493	346.0
4494	172.0
4495	495.0
4496	823.0
4497	180.0
4498	1354.0
3167	496.0
3166	407.0
3165	891.0
3164	453.0
3163	297.0
3161	912.0
3160	353.0
4490	663.0
550	1755.0
551	776.0
552	492.0
553	1771.0
554	353.0
3159	672.0
555	466.0
3158	980.0
556	838.0
557	1737.0
3157	946.0
558	629.0
4488	518.0
4489	699.0
559	1166.0
3170	631.0
3178	1410.0
3177	678.0
3176	1069.0
3175	773.0
3174	502.0
3173	276.0
3172	450.0
560	1527.0
3171	1066.0
561	913.0
562	903.0
563	574.0
564	1008.0
565	388.0
566	463.0
567	347.0
3169	657.0
3168	1134.0
568	773.0
4499	874.0
569	628.0
3181	401.0
3180	1400.0
3189	1066.0
3188	726.0
3187	343.0
3186	504.0
3184	1500.0
570	646.0
3183	150.0
571	376.0
3182	915.0
572	488.0
573	380.0
574	680.0
575	1060.0
576	1260.0
577	620.0
578	489.0
3179	212.0
579	381.0
3192	510.0
3191	429.0
3190	671.0
3199	1117.0
3198	1290.0
3197	1349.0
3196	547.0
3195	1019.0
580	411.0
581	120.0
3194	667.0
3193	1456.0
582	596.0
583	526.0
584	1153.0
585	397.0
586	1011.0
587	474.0
588	644.0
589	150.0
590	795.0
591	386.0
592	231.0
593	291.0
594	716.0
595	265.0
596	951.0
597	495.0
598	503.0
599	786.0
2702	511.0
2701	1361.0
2700	803.0
2709	700.0
2708	1160.0
2707	1115.0
2706	1310.0
2705	420.0
2704	326.0
2703	612.0
2713	1050.0
2712	649.0
2711	336.0
2710	937.0
2719	785.0
2718	854.0
2717	389.0
2716	401.0
2715	275.0
2714	1122.0
2724	549.0
2723	518.0
2722	1101.0
2721	338.0
2720	720.0
2729	789.0
2728	636.0
2727	993.0
2726	281.0
2725	351.0
1404	346.0
2735	1068.0
1403	527.0
2734	290.0
1402	464.0
2733	281.0
2732	1371.0
1401	1444.0
1400	1277.0
2731	511.0
2730	845.0
1409	537.0
1408	401.0
2739	512.0
2738	299.0
1407	1075.0
1406	139.0
2737	598.0
2736	1013.0
1405	304.0
2746	676.0
1415	854.0
1414	353.0
2745	1479.0
1413	980.0
2744	402.0
2743	333.0
1412	962.0
2742	659.0
1411	529.0
1410	375.0
2741	545.0
2740	793.0
1419	868.0
2749	478.0
1418	622.0
2748	616.0
2747	710.0
1416	900.0
2760	1883.0
1426	1129.0
2757	882.0
1425	37.0
2756	660.0
1424	608.0
2755	166.0
2754	291.0
1423	1358.0
2753	381.0
1422	654.0
2752	637.0
1421	535.0
1420	717.0
2751	578.0
2750	1214.0
1429	1933.0
1428	540.0
2759	1585.0
1427	539.0
2758	420.0
2771	466.0
1440	813.0
2770	722.0
1437	663.0
2768	1617.0
2767	844.0
1436	829.0
2766	741.0
1435	664.0
1434	1006.0
2765	741.0
1433	894.0
2764	395.0
2763	170.0
1432	653.0
2762	1148.0
1431	865.0
1430	746.0
2761	425.0
1439	837.0
2769	666.0
1438	434.0
2782	264.0
1451	580.0
1450	842.0
2781	583.0
2780	815.0
2779	1009.0
1448	531.0
1447	119.0
2778	166.0
2777	549.0
1446	573.0
1445	1238.0
2776	319.0
2775	230.0
1444	444.0
2774	713.0
1443	1171.0
1442	680.0
2773	1041.0
1441	701.0
2772	1459.0
1449	1035.0
2793	363.0
1462	285.0
1461	404.0
2792	1109.0
1460	537.0
2791	1242.0
2790	617.0
1459	754.0
1458	231.0
1457	665.0
2788	61.0
2787	1038.0
1456	1153.0
1455	969.0
2786	1033.0
1454	395.0
2785	1138.0
2784	115.0
1453	711.0
2783	780.0
1452	1066.0
1473	1218.0
1472	175.0
1471	845.0
1470	1773.0
1469	606.0
2799	535.0
1468	427.0
1467	263.0
2798	1274.0
2797	1054.0
1466	499.0
1465	1037.0
2796	1062.0
1464	392.0
2795	484.0
1463	483.0
2794	1021.0
1484	793.0
1483	436.0
1482	816.0
1481	1072.0
1480	941.0
4507	703.0
4508	1022.0
4509	642.0
1479	677.0
1478	1182.0
1477	1873.0
1476	750.0
1475	282.0
1474	653.0
4500	880.0
4501	779.0
4502	713.0
4503	609.0
4504	573.0
4505	1047.0
4506	978.0
4520	455.0
1495	1286.0
1494	340.0
1493	725.0
1492	586.0
1491	873.0
1490	1064.0
4518	611.0
4519	1365.0
1489	376.0
1488	304.0
1487	1325.0
1486	426.0
1485	655.0
4510	1286.0
4511	454.0
4512	796.0
4513	898.0
4515	1065.0
4516	308.0
4517	629.0
4530	278.0
4531	477.0
4529	1070.0
1499	1989.0
1498	328.0
1497	1187.0
1496	195.0
4521	699.0
4522	393.0
4523	303.0
4524	326.0
4525	449.0
4526	531.0
4527	416.0
4528	1938.0
4540	653.0
4541	731.0
4542	423.0
3211	1085.0
3210	418.0
3208	672.0
3207	368.0
3206	841.0
3205	591.0
3204	666.0
3203	576.0
600	702.0
3202	778.0
601	959.0
3201	352.0
602	607.0
4532	567.0
4533	554.0
603	991.0
4534	432.0
604	586.0
605	651.0
4535	927.0
606	107.0
4536	514.0
4537	1011.0
607	1020.0
608	583.0
3209	536.0
609	1073.0
4539	1426.0
4550	158.0
4551	487.0
4552	811.0
4553	179.0
3222	980.0
3221	692.0
3220	282.0
3219	541.0
3218	179.0
3217	322.0
3216	1770.0
3215	427.0
3214	406.0
610	853.0
611	814.0
3213	389.0
3212	1079.0
612	1619.0
4543	892.0
613	1208.0
614	1195.0
4544	341.0
615	427.0
4546	1343.0
617	292.0
4547	779.0
4548	748.0
618	1068.0
4549	1125.0
619	715.0
4560	495.0
4561	548.0
4562	814.0
4563	814.0
4564	983.0
3233	473.0
3232	526.0
3231	1369.0
3230	382.0
3229	1529.0
3228	439.0
3227	563.0
3226	1191.0
620	631.0
3225	544.0
622	391.0
3224	807.0
3223	939.0
623	1196.0
4554	882.0
624	618.0
4555	437.0
625	373.0
626	747.0
4556	605.0
4557	539.0
627	1219.0
4558	539.0
628	416.0
4559	463.0
629	638.0
4570	638.0
4571	516.0
4572	632.0
4573	308.0
4574	790.0
4575	828.0
3244	1342.0
3243	1229.0
3242	830.0
3241	453.0
3240	662.0
3239	1502.0
3238	437.0
630	1439.0
631	1584.0
3237	1718.0
3236	207.0
632	1075.0
3235	377.0
633	377.0
3234	496.0
634	603.0
4565	1006.0
635	493.0
4566	380.0
636	513.0
4567	778.0
638	753.0
4568	447.0
4569	845.0
639	423.0
4580	387.0
4581	1066.0
4582	230.0
4583	702.0
4584	675.0
4585	1114.0
4586	891.0
3255	889.0
3254	405.0
3253	414.0
3252	492.0
3251	231.0
3250	509.0
640	697.0
3249	478.0
641	331.0
3248	1264.0
642	654.0
3247	1219.0
643	900.0
644	1671.0
3246	472.0
645	685.0
3245	1440.0
4576	1154.0
646	533.0
4577	336.0
647	407.0
4578	340.0
648	633.0
4579	308.0
649	1720.0
4590	803.0
4591	761.0
4592	842.0
4593	191.0
4594	1482.0
4595	418.0
4596	510.0
4597	223.0
3266	304.0
3264	1143.0
3263	731.0
3262	468.0
3261	130.0
3260	875.0
651	560.0
652	612.0
653	594.0
3259	723.0
654	906.0
3258	918.0
3257	666.0
655	954.0
3256	735.0
656	824.0
657	1101.0
4587	665.0
658	1755.0
4588	547.0
4589	1194.0
659	179.0
3277	606.0
3276	1456.0
3275	385.0
3274	246.0
3273	784.0
3272	1057.0
3271	1271.0
3270	702.0
660	1065.0
661	796.0
662	942.0
663	923.0
664	770.0
3269	296.0
665	240.0
666	762.0
3268	595.0
667	951.0
3267	775.0
4598	1072.0
668	90.0
669	336.0
4599	748.0
3288	742.0
3287	397.0
3286	570.0
3285	403.0
3284	714.0
3283	651.0
3282	1051.0
3281	559.0
670	649.0
671	970.0
672	731.0
673	693.0
674	1308.0
675	523.0
676	894.0
677	502.0
3279	368.0
678	652.0
3278	1869.0
679	547.0
3291	505.0
3290	985.0
3299	679.0
3298	1099.0
3297	778.0
3296	371.0
3295	348.0
3294	762.0
3293	1534.0
680	400.0
681	842.0
3292	613.0
682	267.0
683	968.0
684	545.0
685	305.0
686	463.0
687	567.0
688	741.0
3289	1221.0
689	657.0
690	484.0
691	883.0
692	432.0
693	342.0
694	864.0
695	289.0
696	232.0
697	413.0
698	680.0
699	616.0
2801	630.0
2800	468.0
2809	866.0
2808	385.0
2807	492.0
2806	708.0
2805	1752.0
2804	872.0
2803	1093.0
2802	695.0
2812	1064.0
2811	1173.0
2810	2116.0
2819	166.0
2818	1288.0
2817	927.0
2816	442.0
2815	680.0
2814	1666.0
2813	234.0
2823	1031.0
2822	993.0
2821	1233.0
2820	833.0
2829	1308.0
2828	853.0
2827	1161.0
2826	674.0
2825	839.0
2824	423.0
1503	1226.0
2834	697.0
1502	583.0
2833	1535.0
1501	330.0
2832	791.0
1500	418.0
2831	593.0
2830	351.0
1509	871.0
1508	1384.0
2839	280.0
1507	343.0
2838	528.0
2837	904.0
1506	539.0
1505	990.0
2836	422.0
1504	810.0
2835	1808.0
1514	763.0
2845	1042.0
2844	1157.0
1513	423.0
2843	2048.0
1512	298.0
1511	226.0
2842	1060.0
2841	1132.0
1510	1475.0
2840	406.0
1519	860.0
2849	1104.0
1518	457.0
1517	589.0
2848	510.0
1516	1202.0
2847	561.0
1515	651.0
2846	651.0
2856	795.0
1525	640.0
1524	493.0
2855	632.0
1523	1079.0
2854	215.0
2853	360.0
1522	432.0
1521	919.0
2852	261.0
2851	320.0
1520	978.0
2850	229.0
1529	586.0
1528	1297.0
2859	382.0
2858	244.0
1527	917.0
2857	1151.0
1526	526.0
2870	1998.0
1536	499.0
2867	1428.0
1535	1544.0
2866	1063.0
2865	435.0
1534	992.0
2864	467.0
1533	780.0
2863	439.0
1532	1330.0
2862	203.0
1531	499.0
1530	1994.0
2860	1393.0
1539	1017.0
1538	559.0
2869	344.0
2868	370.0
1537	468.0
1550	530.0
2881	1220.0
2880	467.0
2878	360.0
1547	323.0
1546	765.0
2877	1323.0
1545	1169.0
2876	418.0
1544	460.0
2875	772.0
1543	660.0
2874	818.0
2873	602.0
1542	667.0
2872	384.0
1541	536.0
2871	544.0
1540	667.0
1549	420.0
1548	717.0
2879	1000.0
1561	834.0
2892	577.0
2891	554.0
1560	752.0
2890	1031.0
2889	2174.0
1558	659.0
2888	771.0
1557	768.0
1556	1946.0
2887	415.0
1555	182.0
2886	913.0
2885	692.0
1554	1658.0
1553	505.0
2884	525.0
1552	1026.0
2883	451.0
1551	812.0
2882	415.0
1559	100.0
1572	747.0
1571	403.0
1570	379.0
1569	736.0
2899	983.0
1568	755.0
1567	684.0
2898	580.0
2897	390.0
1566	523.0
1565	813.0
2896	756.0
2895	443.0
1564	1161.0
1563	626.0
2894	365.0
2893	1514.0
1562	670.0
1583	1768.0
1582	794.0
1581	826.0
1580	851.0
4606	539.0
4607	526.0
1579	524.0
4608	199.0
4609	319.0
1577	398.0
1576	1287.0
1575	1144.0
1574	572.0
1573	88.0
4600	432.0
4601	406.0
4602	690.0
4603	772.0
4604	476.0
4605	951.0
1594	306.0
1593	808.0
1592	648.0
1591	532.0
1590	604.0
4617	524.0
4618	394.0
4619	1841.0
1589	360.0
1588	362.0
1587	999.0
1586	980.0
1585	602.0
1584	588.0
4610	535.0
4611	1146.0
4612	1126.0
4613	689.0
4614	310.0
4615	801.0
4616	930.0
4630	898.0
4628	1011.0
4629	554.0
1599	522.0
1598	885.0
1597	817.0
1596	494.0
1595	271.0
4620	535.0
4621	981.0
4622	517.0
4623	1312.0
4624	113.0
4625	396.0
4626	527.0
4627	850.0
4640	1207.0
4641	189.0
3310	357.0
3307	432.0
4639	381.0
3306	710.0
3305	1141.0
3304	1021.0
3303	1067.0
3302	558.0
3301	1173.0
3300	857.0
700	539.0
4631	1010.0
701	898.0
4632	491.0
702	821.0
703	374.0
4633	518.0
704	782.0
4634	664.0
705	573.0
4635	333.0
706	2099.0
4636	627.0
3309	1573.0
4637	926.0
707	160.0
3308	1098.0
708	1023.0
4638	689.0
709	416.0
4650	581.0
4651	941.0
4652	1594.0
3321	810.0
3320	554.0
3318	539.0
3317	877.0
3316	455.0
3315	543.0
3314	1781.0
3313	649.0
3312	825.0
710	1202.0
3311	561.0
711	648.0
712	244.0
4642	880.0
4643	391.0
4644	647.0
714	995.0
715	954.0
4645	789.0
4646	416.0
716	705.0
717	647.0
4647	292.0
4648	546.0
718	274.0
719	1107.0
3319	246.0
4649	247.0
4660	448.0
4661	1613.0
4662	604.0
4663	555.0
3332	444.0
2001	362.0
3331	707.0
2000	705.0
3330	363.0
3329	1346.0
3328	410.0
3327	272.0
3326	1585.0
3325	785.0
3324	283.0
720	1085.0
721	885.0
3323	1281.0
3322	586.0
722	235.0
4653	1003.0
723	1632.0
4654	324.0
724	1103.0
4655	714.0
726	613.0
4656	363.0
727	655.0
4657	1472.0
728	856.0
4658	379.0
729	743.0
4659	1370.0
4670	707.0
4671	371.0
4672	1328.0
4673	856.0
4674	1118.0
3343	416.0
2012	214.0
3342	755.0
2011	457.0
3341	534.0
2010	852.0
3340	1907.0
3339	433.0
2008	465.0
2007	849.0
3338	701.0
3337	349.0
2006	794.0
2005	807.0
730	347.0
3336	896.0
3335	276.0
2004	999.0
731	1045.0
3334	549.0
732	338.0
2003	855.0
3333	1685.0
733	254.0
734	503.0
4664	1656.0
735	296.0
4665	1574.0
4666	785.0
736	581.0
4667	777.0
737	271.0
738	606.0
4668	963.0
739	1292.0
4669	1776.0
4680	645.0
4681	1405.0
4682	543.0
4683	916.0
4684	773.0
4685	535.0
3354	113.0
2023	305.0
3353	215.0
2022	405.0
3352	1572.0
2021	676.0
3351	919.0
2020	270.0
3350	932.0
2019	168.0
3349	598.0
2018	218.0
740	868.0
3348	813.0
2017	623.0
3347	1196.0
741	431.0
2016	789.0
2015	1090.0
3346	657.0
742	631.0
3345	367.0
743	1327.0
2014	400.0
3344	431.0
2013	603.0
744	467.0
4675	1009.0
745	1146.0
746	853.0
4676	365.0
747	491.0
4677	191.0
4678	770.0
748	555.0
4679	2026.0
749	965.0
4690	960.0
4691	726.0
4692	328.0
4693	847.0
4694	240.0
4695	533.0
4696	248.0
3365	370.0
2034	1016.0
2033	730.0
3364	1740.0
3363	365.0
2032	1111.0
3362	1484.0
2031	1867.0
2030	621.0
3361	494.0
750	978.0
2029	1248.0
751	140.0
2028	1022.0
3359	248.0
2027	640.0
3358	667.0
752	274.0
753	892.0
2026	1286.0
3357	627.0
3356	550.0
754	568.0
2025	557.0
755	687.0
2024	705.0
3355	979.0
4686	510.0
756	861.0
757	1457.0
4687	1021.0
758	618.0
4688	409.0
759	1202.0
4689	576.0
3376	314.0
2045	559.0
3375	703.0
2044	555.0
3374	673.0
2043	60.0
3373	1034.0
2042	993.0
2041	637.0
3372	1642.0
2040	854.0
3371	1507.0
3370	305.0
760	631.0
761	155.0
762	537.0
2039	901.0
2038	841.0
3369	587.0
763	624.0
764	719.0
3368	566.0
2037	1466.0
3367	507.0
765	1265.0
2036	552.0
766	283.0
3366	412.0
2035	1036.0
767	480.0
4697	374.0
768	408.0
4698	610.0
769	984.0
2056	561.0
3387	776.0
2055	1383.0
3386	638.0
2054	605.0
3385	424.0
2053	762.0
3384	371.0
3383	869.0
2052	522.0
2051	555.0
3382	1139.0
2050	1894.0
3381	726.0
3380	506.0
770	631.0
771	214.0
772	1272.0
773	612.0
2049	523.0
774	524.0
775	679.0
3379	348.0
2048	1458.0
776	948.0
3378	963.0
2047	494.0
2046	318.0
3377	347.0
777	327.0
778	177.0
779	660.0
3390	1094.0
2067	694.0
3398	1203.0
2066	571.0
3397	557.0
2065	766.0
3396	716.0
2064	2036.0
3395	525.0
3394	497.0
3393	587.0
2062	339.0
2061	751.0
3392	1582.0
3391	834.0
2060	210.0
780	731.0
781	1022.0
782	591.0
783	681.0
784	1027.0
785	825.0
2059	238.0
786	318.0
3389	1021.0
787	631.0
2058	1229.0
788	1079.0
3388	750.0
2057	1103.0
789	643.0
2070	603.0
2078	1898.0
2077	478.0
2076	1466.0
2075	1565.0
2074	627.0
2073	914.0
2072	804.0
790	437.0
791	462.0
2071	596.0
792	1038.0
793	477.0
794	254.0
795	728.0
796	695.0
797	398.0
2069	796.0
798	1107.0
3399	420.0
2068	452.0
799	1441.0
2081	437.0
2080	559.0
2089	1815.0
2088	333.0
2087	952.0
2086	130.0
2085	930.0
2084	1494.0
2083	646.0
2082	404.0
2079	736.0
2092	633.0
2091	436.0
2090	495.0
2099	893.0
2098	1197.0
2097	397.0
2096	592.0
2095	297.0
2094	1014.0
2093	677.0
2909	602.0
2900	625.0
2908	1519.0
2907	517.0
2906	676.0
2905	1031.0
2904	403.0
2903	955.0
2902	292.0
2901	764.0
2911	409.0
2910	856.0
2919	1456.0
2918	31.0
2917	2109.0
2916	244.0
2915	1094.0
2914	781.0
2913	193.0
2912	719.0
2922	1036.0
2921	1156.0
2920	968.0
2929	1299.0
2928	965.0
2927	936.0
2926	728.0
2925	583.0
2924	345.0
2923	538.0
2933	545.0
1602	402.0
1601	1142.0
2932	223.0
1600	337.0
2931	871.0
2930	774.0
1609	1353.0
2939	691.0
1607	1981.0
2938	358.0
2937	300.0
1606	729.0
2936	612.0
2935	625.0
1604	1189.0
2934	756.0
1603	645.0
2944	280.0
1613	1101.0
2943	817.0
1612	302.0
1611	603.0
2942	832.0
1610	273.0
2941	837.0
2940	368.0
1619	751.0
2949	435.0
1618	1075.0
2948	575.0
1617	872.0
2947	479.0
1616	1174.0
2946	123.0
1615	431.0
2945	730.0
1614	250.0
2955	512.0
1624	912.0
2954	947.0
1623	330.0
1622	269.0
2952	1500.0
1621	328.0
2951	807.0
1620	898.0
2950	1006.0
1629	752.0
2959	1940.0
1628	1345.0
1627	922.0
2958	689.0
1626	885.0
2957	557.0
1625	528.0
2956	300.0
1635	710.0
2966	832.0
2965	379.0
1634	332.0
2964	1269.0
1633	543.0
1632	303.0
2963	799.0
1631	530.0
2962	845.0
2961	1002.0
1630	291.0
2960	685.0
1639	1069.0
2969	582.0
1638	246.0
1637	347.0
2968	240.0
1636	677.0
2967	310.0
2980	634.0
1646	444.0
2977	449.0
2976	1065.0
1645	894.0
1644	1820.0
2975	405.0
1643	883.0
2974	949.0
2973	435.0
1642	764.0
1641	1919.0
2972	801.0
2971	801.0
1640	775.0
2970	563.0
1649	696.0
2979	637.0
1648	1724.0
2978	1601.0
1647	1294.0
2991	330.0
1660	1131.0
2990	390.0
2988	415.0
1657	328.0
1656	1143.0
2987	615.0
2986	367.0
1655	648.0
2985	264.0
1654	785.0
2984	192.0
1653	377.0
1652	507.0
2983	825.0
2982	845.0
1651	825.0
2981	545.0
1650	635.0
1659	463.0
1658	1329.0
2989	766.0
1671	280.0
1670	809.0
1668	365.0
2999	1157.0
2998	768.0
1667	559.0
2997	146.0
1665	906.0
2996	862.0
1664	800.0
2995	1136.0
1663	804.0
2994	573.0
2993	741.0
1662	563.0
2992	941.0
1661	263.0
1669	865.0
1682	852.0
1681	360.0
1680	1025.0
1679	958.0
4705	699.0
1678	1206.0
4706	727.0
4707	412.0
1677	330.0
1676	606.0
4708	771.0
4709	539.0
1675	771.0
1674	940.0
1673	1066.0
4700	354.0
4701	925.0
4702	801.0
4703	159.0
4704	841.0
1693	445.0
1692	416.0
1691	319.0
1690	987.0
4716	2350.0
4717	273.0
1689	442.0
4718	790.0
1688	318.0
1687	774.0
4719	370.0
1686	712.0
1685	547.0
1684	560.0
1683	809.0
4710	886.0
4711	496.0
4712	1048.0
4713	407.0
4714	386.0
4715	540.0
4727	530.0
4728	782.0
4729	580.0
1699	580.0
1698	485.0
1697	895.0
1696	1137.0
1695	710.0
1694	1549.0
4720	835.0
4721	1407.0
4722	1215.0
4723	1309.0
4724	899.0
4725	315.0
4726	765.0
4740	458.0
3406	661.0
4738	532.0
3405	319.0
4739	1091.0
3404	638.0
3403	1587.0
3402	1505.0
3401	731.0
3400	351.0
4730	1553.0
800	854.0
801	1096.0
4731	749.0
4732	898.0
802	534.0
803	377.0
4733	699.0
4734	631.0
804	454.0
3409	537.0
4735	167.0
805	1174.0
3408	1922.0
806	422.0
4736	839.0
4737	90.0
3407	528.0
807	1247.0
808	701.0
809	932.0
4750	1065.0
4751	1101.0
3420	382.0
3417	1962.0
4749	323.0
3416	543.0
3415	1001.0
3414	247.0
3413	461.0
3412	604.0
3411	517.0
3410	422.0
811	247.0
4741	904.0
812	852.0
4742	805.0
813	572.0
4743	307.0
4744	842.0
814	610.0
4745	510.0
815	1019.0
816	616.0
4746	283.0
4747	980.0
817	1136.0
3419	1159.0
818	374.0
3418	1036.0
4748	934.0
819	957.0
4760	1932.0
4761	863.0
4762	619.0
2100	631.0
3431	657.0
3430	826.0
3428	626.0
3427	1016.0
3426	632.0
3425	1404.0
3424	494.0
3423	435.0
820	688.0
3422	1490.0
3421	509.0
821	254.0
822	634.0
4752	931.0
4753	723.0
823	452.0
824	757.0
4754	1031.0
4755	1590.0
825	361.0
4756	1437.0
826	1404.0
827	814.0
4757	1151.0
4758	493.0
828	710.0
3429	1866.0
4759	764.0
829	273.0
4770	91.0
4771	640.0
4772	1000.0
4773	1027.0
3442	624.0
2111	960.0
2110	908.0
3441	547.0
3440	764.0
2108	408.0
3439	1423.0
3438	253.0
2107	957.0
2106	550.0
3437	897.0
2105	883.0
3436	817.0
3435	434.0
2104	1510.0
830	743.0
3434	596.0
2103	871.0
831	673.0
3433	392.0
2102	433.0
3432	444.0
832	350.0
2101	1028.0
4763	1114.0
833	776.0
834	707.0
4764	424.0
835	957.0
4765	516.0
836	1148.0
4766	1025.0
4767	603.0
837	857.0
4768	1775.0
838	1097.0
4769	709.0
839	548.0
2109	232.0
4780	422.0
4781	660.0
4782	326.0
4783	1054.0
4784	609.0
3453	1304.0
2122	492.0
3452	317.0
2121	766.0
2120	698.0
3451	1052.0
3450	980.0
2119	472.0
3449	442.0
2118	985.0
2117	701.0
3448	410.0
2116	636.0
3447	933.0
3446	329.0
2115	1803.0
840	632.0
3445	512.0
2114	656.0
841	614.0
842	733.0
3444	1332.0
2113	214.0
2112	512.0
843	605.0
3443	472.0
844	613.0
4774	930.0
4775	384.0
845	584.0
4776	1003.0
846	644.0
847	457.0
4777	1049.0
4778	137.0
848	601.0
849	194.0
4779	380.0
4790	856.0
4791	458.0
4792	514.0
4793	832.0
4794	695.0
4795	437.0
2133	906.0
3464	736.0
2132	265.0
3463	666.0
3462	315.0
2131	854.0
2130	244.0
3461	477.0
3460	600.0
2129	793.0
3459	1107.0
2128	1133.0
2127	604.0
850	873.0
3458	492.0
3457	238.0
851	729.0
2126	1200.0
2125	389.0
3456	981.0
852	565.0
853	947.0
2124	1139.0
3455	545.0
854	1351.0
3454	639.0
2123	856.0
4785	1235.0
855	326.0
856	685.0
4786	627.0
857	958.0
4787	256.0
4788	2147.0
858	550.0
4789	989.0
859	266.0
3475	1020.0
2144	337.0
2143	677.0
3474	550.0
3473	563.0
2142	834.0
2141	539.0
3472	906.0
2140	377.0
3471	486.0
3470	1223.0
860	710.0
2139	466.0
861	1349.0
2138	1152.0
3469	619.0
3468	2367.0
862	1700.0
2137	992.0
863	508.0
3467	1444.0
2136	452.0
864	900.0
2135	411.0
3466	821.0
2134	665.0
3465	281.0
865	164.0
4796	320.0
866	893.0
867	992.0
4797	1267.0
4798	533.0
868	724.0
4799	133.0
869	231.0
3486	830.0
2155	363.0
3485	475.0
2154	515.0
3484	333.0
2153	540.0
3483	512.0
2152	263.0
2151	646.0
3482	994.0
3481	869.0
2150	524.0
3480	559.0
870	937.0
871	358.0
2149	603.0
872	351.0
873	698.0
2148	582.0
3479	471.0
874	1287.0
2147	991.0
3478	1831.0
2146	330.0
875	628.0
3477	1059.0
876	802.0
2145	422.0
3476	423.0
877	1202.0
878	139.0
879	549.0
3497	886.0
2166	243.0
2165	470.0
3496	908.0
3495	1158.0
2164	789.0
3494	364.0
2163	556.0
3493	369.0
2162	409.0
3492	461.0
2161	1816.0
2160	594.0
3491	335.0
3490	333.0
880	471.0
881	1025.0
882	654.0
883	622.0
2159	716.0
884	738.0
2158	791.0
885	630.0
3489	746.0
2157	598.0
3488	753.0
886	777.0
2156	494.0
3487	272.0
887	1181.0
888	1277.0
889	970.0
2177	1155.0
2176	781.0
2175	96.0
2174	635.0
2173	607.0
2172	450.0
2171	287.0
2170	957.0
891	497.0
892	629.0
893	475.0
894	1803.0
895	989.0
2169	940.0
896	670.0
3499	1503.0
2168	320.0
897	1438.0
898	1067.0
2167	846.0
3498	532.0
899	1035.0
2180	2027.0
2188	238.0
2187	985.0
2186	587.0
2185	1170.0
2184	835.0
2183	904.0
2182	645.0
2179	935.0
2178	928.0
2191	580.0
2190	333.0
2199	1415.0
2198	689.0
2197	1211.0
2196	716.0
2195	474.0
2194	441.0
2193	1401.0
2192	993.0
2189	663.0
1701	750.0
1700	1311.0
1709	278.0
1708	275.0
1707	1337.0
1706	1262.0
1705	726.0
1704	499.0
1703	884.0
1702	1249.0
1712	633.0
1711	657.0
1710	712.0
1719	434.0
1718	374.0
1717	458.0
1716	455.0
1715	1110.0
1714	521.0
1713	854.0
1723	673.0
1722	1243.0
1721	1955.0
1720	843.0
1729	940.0
1728	269.0
1727	491.0
1726	244.0
1725	577.0
1724	863.0
1734	937.0
1733	330.0
1732	268.0
1731	488.0
1730	488.0
1739	863.0
1738	884.0
1737	1066.0
1736	457.0
1735	745.0
1745	465.0
1744	1476.0
1743	806.0
1742	444.0
1741	1282.0
1740	231.0
1749	2076.0
1748	1597.0
1747	836.0
1746	1083.0
1756	409.0
1755	306.0
1754	745.0
1753	488.0
1752	944.0
1751	959.0
1750	596.0
1759	502.0
1758	903.0
1757	1069.0
1770	169.0
1767	1390.0
1766	1000.0
1765	1182.0
1764	770.0
1763	1507.0
1762	912.0
1761	244.0
1760	499.0
1769	585.0
1768	825.0
1781	1471.0
1780	587.0
4804	363.0
1778	455.0
4805	505.0
1777	463.0
4806	737.0
1776	1936.0
1775	431.0
4807	1061.0
1774	189.0
4808	1015.0
1773	602.0
4809	1930.0
1772	853.0
1771	536.0
4800	591.0
4801	262.0
4802	538.0
1779	583.0
4803	576.0
1792	521.0
1791	541.0
1790	466.0
4815	608.0
1789	407.0
1788	609.0
4816	690.0
4817	601.0
1787	553.0
4818	320.0
1786	714.0
4819	989.0
1785	354.0
1784	769.0
1783	476.0
1782	565.0
4810	1694.0
4811	2357.0
4812	706.0
4813	329.0
4814	754.0
4826	1744.0
1799	158.0
4827	914.0
1798	325.0
4828	546.0
1797	672.0
4829	1109.0
1796	617.0
1795	1292.0
1794	939.0
1793	328.0
4820	396.0
4821	296.0
4822	818.0
4823	613.0
4824	309.0
4825	1387.0
4837	854.0
3505	251.0
3504	1002.0
3503	1122.0
4839	934.0
3502	379.0
3501	274.0
3500	588.0
4830	468.0
900	777.0
901	479.0
4831	1521.0
4832	1864.0
902	504.0
4833	427.0
3509	216.0
903	529.0
4834	1703.0
904	796.0
3508	820.0
3507	478.0
905	560.0
4835	681.0
3506	789.0
4836	516.0
906	1144.0
907	394.0
908	1192.0
4850	431.0
3516	553.0
4848	864.0
4849	704.0
3515	244.0
3514	549.0
3513	719.0
3512	193.0
3511	1531.0
3510	518.0
910	1436.0
4840	1022.0
4841	1234.0
911	986.0
912	671.0
4842	693.0
913	617.0
4843	744.0
914	677.0
4844	707.0
915	771.0
3519	142.0
4845	428.0
3518	232.0
4846	556.0
916	986.0
3517	1236.0
4847	507.0
917	315.0
918	679.0
919	154.0
4860	372.0
4861	466.0
3530	1247.0
4859	561.0
3527	673.0
3526	1585.0
3525	203.0
3524	623.0
3523	508.0
3522	440.0
3521	1286.0
3520	564.0
920	815.0
4851	764.0
921	181.0
922	241.0
4852	912.0
4853	915.0
923	1493.0
4854	768.0
924	722.0
925	288.0
4855	604.0
4856	981.0
926	542.0
927	449.0
4857	938.0
3529	1866.0
928	846.0
3528	1904.0
4858	1585.0
929	638.0
4870	477.0
4871	394.0
4872	288.0
3541	695.0
2210	742.0
3540	585.0
3538	437.0
2206	1291.0
3537	637.0
3536	358.0
2205	897.0
2204	894.0
3535	868.0
3534	290.0
2203	254.0
2202	650.0
3533	173.0
930	784.0
3532	819.0
2201	548.0
3531	571.0
2200	408.0
931	780.0
932	851.0
4862	463.0
4863	1152.0
933	930.0
934	327.0
4864	567.0
4865	1773.0
935	768.0
4866	508.0
936	1338.0
4867	638.0
937	723.0
4868	1528.0
938	377.0
2209	979.0
3539	177.0
4869	278.0
939	602.0
2208	741.0
4880	364.0
4881	1255.0
4882	634.0
4883	312.0
2221	574.0
3552	813.0
2220	1167.0
3551	589.0
3550	715.0
3549	607.0
2218	1134.0
3548	611.0
2217	701.0
3547	526.0
2216	2036.0
2215	685.0
3546	586.0
3545	1102.0
2214	408.0
2213	362.0
3544	357.0
940	288.0
2212	262.0
941	327.0
3542	1016.0
2211	694.0
942	1024.0
4873	283.0
943	881.0
944	1561.0
4874	632.0
945	1714.0
4875	582.0
4876	819.0
946	488.0
947	1264.0
4877	242.0
948	818.0
4878	1350.0
4879	516.0
949	411.0
2219	590.0
4890	527.0
4891	616.0
4892	934.0
4893	1219.0
4894	772.0
2232	1123.0
3563	451.0
3562	433.0
2231	288.0
2230	1267.0
3561	426.0
3560	250.0
2229	783.0
2228	455.0
3559	755.0
3558	331.0
2227	810.0
3557	316.0
2226	566.0
950	618.0
3556	521.0
2225	386.0
3555	721.0
2224	434.0
951	359.0
952	416.0
2223	273.0
3554	575.0
3553	227.0
2222	844.0
953	539.0
954	1016.0
4884	312.0
4885	1005.0
955	935.0
4886	928.0
956	425.0
4887	709.0
957	407.0
958	901.0
4888	1691.0
959	224.0
4889	693.0
3574	298.0
2243	451.0
3573	855.0
2242	659.0
2241	375.0
3572	603.0
3571	251.0
2240	750.0
3570	559.0
2239	482.0
2238	1008.0
3569	850.0
3568	437.0
960	581.0
2237	574.0
961	331.0
3567	192.0
2236	1024.0
962	515.0
2235	1281.0
3566	828.0
3565	757.0
2234	360.0
963	328.0
2233	994.0
3564	576.0
964	881.0
4895	231.0
965	1534.0
4896	812.0
966	1347.0
4897	615.0
967	425.0
968	800.0
4898	249.0
4899	450.0
969	620.0
3585	511.0
2254	314.0
3584	175.0
2253	807.0
3583	272.0
2252	1472.0
3582	457.0
2251	340.0
3581	514.0
2250	165.0
3580	785.0
970	559.0
2249	311.0
2248	545.0
3579	878.0
971	572.0
972	652.0
2247	1323.0
2246	244.0
973	1055.0
2245	1217.0
974	561.0
2244	720.0
975	805.0
3575	815.0
976	1029.0
977	860.0
978	1027.0
979	782.0
2265	714.0
3596	513.0
3595	675.0
2264	726.0
2263	704.0
3594	230.0
3593	342.0
2262	652.0
3592	459.0
2261	700.0
3591	984.0
2260	291.0
3590	684.0
980	1295.0
981	1127.0
982	468.0
2259	959.0
3589	694.0
983	632.0
2258	727.0
3588	539.0
2257	563.0
984	271.0
985	350.0
3587	478.0
2256	404.0
986	639.0
2255	1548.0
3586	948.0
987	673.0
988	704.0
989	227.0
2276	191.0
2275	308.0
2274	1064.0
2273	1118.0
2272	527.0
2271	1219.0
2270	1554.0
990	328.0
991	849.0
992	394.0
993	699.0
2269	774.0
994	497.0
995	690.0
3599	858.0
2268	304.0
2267	1199.0
996	1308.0
3598	932.0
2266	257.0
3597	911.0
997	426.0
998	554.0
999	940.0
2287	564.0
2286	606.0
2285	347.0
2284	1057.0
2283	842.0
2282	482.0
2281	367.0
2280	283.0
2279	480.0
2278	372.0
2277	867.0
2290	998.0
2298	666.0
2297	727.0
2296	749.0
2295	779.0
2294	944.0
2293	840.0
2292	877.0
2291	1187.0
2289	1036.0
2288	873.0
4000	1213.0
4001	865.0
4002	1004.0
4003	615.0
2299	329.0
4010	1167.0
4011	918.0
4012	857.0
4013	812.0
4014	1054.0
4004	375.0
4005	67.0
4006	978.0
4007	579.0
4008	820.0
4009	454.0
4020	933.0
4021	1216.0
4022	442.0
4023	182.0
4024	1320.0
4025	306.0
4015	477.0
4016	428.0
4017	589.0
4018	832.0
4019	193.0
4030	353.0
4031	633.0
4032	669.0
4033	1174.0
4034	1231.0
4035	738.0
4036	1073.0
4026	762.0
4027	399.0
4028	191.0
4029	1211.0
4040	1252.0
4041	571.0
4042	565.0
4043	636.0
4044	769.0
4045	1226.0
4046	76.0
100	1387.0
101	717.0
102	509.0
103	863.0
104	638.0
105	1994.0
106	466.0
107	786.0
4037	161.0
108	279.0
4039	285.0
109	522.0
4051	1890.0
4052	941.0
4053	624.0
4054	271.0
4055	749.0
4056	696.0
4057	1376.0
4058	466.0
4050	1004.0
110	534.0
111	1388.0
112	533.0
113	917.0
114	599.0
115	551.0
116	351.0
117	702.0
118	1004.0
4048	870.0
119	614.0
4049	235.0
4062	243.0
4063	538.0
4064	428.0
4065	360.0
4066	844.0
4067	616.0
4068	935.0
4069	272.0
4060	607.0
120	1398.0
4061	1019.0
121	760.0
122	431.0
123	386.0
124	1123.0
125	1293.0
126	283.0
127	759.0
128	957.0
4059	345.0
129	474.0
4073	1545.0
4074	371.0
4075	255.0
4076	1120.0
4077	648.0
4078	499.0
4079	325.0
4070	470.0
4071	701.0
130	244.0
131	859.0
4072	513.0
132	1182.0
133	178.0
134	461.0
135	957.0
136	947.0
137	604.0
138	582.0
139	607.0
4084	1107.0
4085	746.0
4086	377.0
4087	948.0
4088	871.0
4089	815.0
1809	308.0
4081	414.0
140	690.0
4082	162.0
141	450.0
142	1147.0
4083	456.0
143	579.0
1800	855.0
144	724.0
145	527.0
146	565.0
147	697.0
148	1093.0
149	565.0
1808	515.0
1807	613.0
1806	419.0
1805	425.0
1804	144.0
1803	665.0
1802	659.0
1801	550.0
4095	915.0
4096	1196.0
4097	602.0
4098	270.0
4099	431.0
4090	1143.0
4091	1003.0
150	712.0
4092	835.0
151	491.0
152	690.0
4093	558.0
153	321.0
4094	277.0
1811	420.0
154	898.0
155	743.0
1810	694.0
156	599.0
157	527.0
158	934.0
159	823.0
1819	748.0
1818	602.0
1817	236.0
1816	382.0
1815	553.0
1814	367.0
1813	691.0
1812	287.0
160	603.0
161	602.0
162	727.0
163	816.0
164	442.0
165	664.0
1822	678.0
166	867.0
1821	1813.0
167	543.0
1820	1284.0
168	427.0
169	911.0
1829	1106.0
1828	942.0
1827	1465.0
1826	1198.0
1825	1135.0
1824	952.0
1823	747.0
170	811.0
171	774.0
172	731.0
173	446.0
174	791.0
175	623.0
1833	507.0
176	2283.0
1832	1082.0
177	2558.0
1831	1070.0
178	1080.0
1830	499.0
179	956.0
1839	460.0
1838	630.0
1837	1140.0
1836	2381.0
1835	406.0
1834	229.0
181	599.0
182	622.0
183	908.0
184	597.0
185	1258.0
186	644.0
1844	932.0
187	324.0
188	547.0
1843	1956.0
189	651.0
1842	1038.0
1841	357.0
1840	1108.0
1849	339.0
1848	438.0
1847	355.0
1846	578.0
1845	287.0
190	941.0
191	475.0
192	441.0
193	550.0
194	453.0
195	176.0
196	435.0
197	676.0
198	329.0
1855	503.0
199	818.0
1854	585.0
1853	956.0
1852	728.0
1851	776.0
1850	641.0
1859	452.0
1858	379.0
1857	176.0
1856	861.0
1866	1177.0
1865	1646.0
1864	712.0
1863	1027.0
1862	492.0
1861	255.0
1860	1119.0
1869	2021.0
1868	484.0
1867	460.0
1880	802.0
1877	376.0
4903	1091.0
4904	647.0
1876	410.0
4905	316.0
1875	1378.0
4906	246.0
1874	504.0
1873	742.0
4907	726.0
1872	1136.0
1871	491.0
4909	434.0
1870	813.0
4900	938.0
4901	672.0
1879	547.0
4902	495.0
1878	935.0
1891	1093.0
1890	901.0
4914	1021.0
1888	917.0
4915	479.0
1887	311.0
1886	949.0
4916	239.0
4917	225.0
1885	552.0
4918	350.0
1884	587.0
1883	753.0
4919	212.0
1882	828.0
1881	505.0
4910	272.0
4911	812.0
4912	991.0
4913	367.0
1889	951.0
1899	462.0
4925	1151.0
4926	852.0
1898	559.0
1897	623.0
4927	652.0
1896	260.0
4928	491.0
4929	580.0
1895	316.0
1894	841.0
1893	585.0
1892	1967.0
4920	182.0
4921	318.0
4922	1627.0
4923	1174.0
4924	920.0
4936	626.0
3604	1820.0
3603	1224.0
4937	401.0
3602	614.0
4938	611.0
4939	613.0
3601	533.0
3600	821.0
4930	1104.0
3609	1458.0
4931	576.0
3608	780.0
4932	720.0
4933	808.0
3607	1351.0
4934	1426.0
3606	436.0
3605	244.0
4935	1119.0
4947	102.0
3615	126.0
3614	423.0
4948	892.0
4949	829.0
3613	2123.0
3612	1018.0
3611	800.0
3610	442.0
4940	518.0
4941	729.0
4942	220.0
4943	462.0
3619	1063.0
3618	558.0
4944	613.0
4945	381.0
3617	453.0
3616	1016.0
4946	672.0
4960	458.0
4958	981.0
3626	949.0
4959	656.0
3625	481.0
3624	216.0
3623	665.0
3622	922.0
3621	749.0
3620	515.0
4950	409.0
4951	1199.0
4952	1209.0
4953	1033.0
4954	808.0
3629	1041.0
4956	372.0
3628	583.0
4957	648.0
3627	692.0
pattern	0+	5+	10+	15+	20+	25+	30+	35+	40+	45+	50+	55+	60+
h---w	2117	2210	441	114	20	2	0	0	0	0	0	0	0
w---h	2134	2188	413	99	31	0	0	0	0	0	0	0	0

average trip duration: 368.3391339952912 seconds = 00:06:08
